0          1573006235025163
1          1573006236183161
2          1573006237334974
3          1573006238476602
4          1573006239627224
5          1573006240767911
6          1573006241917241
7          1573006243067357
8          1573006244208341
9          1573006245361543
10         1573006285551244
11         1573006286704430
12         1573006287853537
13         1573006288993286
14         1573006290268808
15         1573006315690583
16         1573006316839277
17         1573006317979986
18         1573006319150171
19         1573006827628245
20         1573006828847730
21         1573007402858339
22         1573007404257621
23         1573007405647677
24         1573007407025687
25         1573007408428487
26         1573007409777623
27         1573007411109130
28         1573007412464224
29         1573007413838022
                         
2286264    1575881649756149
2286265    1575881650122413
2286266    1575881651072233
2286267    1575881651457244
2286268    1575881652432335
2286269    1575881652742228
2286270    1575881653732250
2286271    1575881654039030
2286272    1575881655072404
2286273    1575881655332254
2286274    1575881656415684
2286275    1575881656745959
2286276    1575881657782910
2286277    1575881658042169
2286278    1575881659108512
2286279    1575881659393962
2286280    1575881660571318
2286281    1575881660771763
2286282    1575881661961753
2286283    1575881662171734
2286284    1575881663272408
2286285    1575881663496146
2286286    1575881664592421
2286287    1575881664772047
2286288    1575881665940388
2286289    1575881666159195
2286290    1575881667272199
2286291    1575881667501744
2286292    1575881668673181
2286293    1575881668830123
Name: time, Length: 2286294, dtype: object